0		0	1,3
1		0	2,3
2		0	1,3
7		0	2
8		0	3
10		0	3
13		0	2,3
14		0	1,4
15		0	3
16		0	3
17		0	3
19		0	1,3
21		0	2
22		0	4
25		0	1,3
26		0	4
27		0	2,3
28		0	1,3,4
30		0	1,3
31		0	3
34		0	1,3
35		0	2
36		0	1,3
37		0	1,3
39		0	2
40		0	1,3
42		0	1,3
43		0	2
44		0	1,3
45		0	1,3
46		0	1,3
48		0	1,3
51		0	2
52		0	1,3
53		0	1,3
54		0	1,3
56		0	2
57		0	2,3
60		0	4
61		0	2
62		0	3
66		0	3
67		0	2
68		0	2,3
69		0	2
71		0	2,3
73		0	2,3
75		0	1,3
77		0	1,3
79		0	2
80		0	2,3
81		0	0,2
82		0	1,3
83		0	2,3
85		0	1,3
86		0	1,3
88		0	2,3
90		0	2
95		0	2,3
96		0	4
97		0	1,4
98		0	3
100		0	1,3
101		0	4
104		0	2
105		0	1,3
108		0	1,3
111		0	1,3
112		0	1,3
113		0	1,3,4
117		0	1,3
118		0	2
119		0	2
120		0	1,3
121		0	2
122		0	2
123		0	3,4
125		0	2,3
126		0	1,3
127		0	1,3
129		0	1,4
131		0	2
133		0	1,3
136		0	1,3
138		0	2
139		0	2,3
140		0	3
141		0	1,3
142		0	1,4
148		0	2
152		0	2,3
154		0	2,3
155		0	1,3
157		0	2
160		0	1,3
161		0	1,3
162		0	2,4
163		0	1,3
165		0	4
166		0	1,3
169		0	1,4
170		0	1,3
171		0	1,3
172		0	1,3
173		0	4
174		0	2,3
176		0	1,3
178		0	1,3,4
179		0	2
180		0	1,3
181		0	2
184		0	2
185		0	4
188		0	1,3
190		0	2
191		0	1,3
192		0	2
193		0	1,3
195		0	1,4
196		0	1,3
197		0	2,3
198		0	2
199		0	2
200		0	2,3
202		0	1,4
203		0	3
204		0	3
207		0	1,3
208		0	2
209		0	3
210		0	1,3
211		0	1,4
212		0	1,3
213		0	1,3,4
216		0	2,3
217		0	2
219		0	1,3
220		0	1,4
221		0	1,3
223		0	2
224		0	1,3,4
229		0	1,3
231		0	2
233		0	1,3
234		0	1,3
235		0	3
236		0	1,3
237		0	2
238		0	1,3
239		0	1,3
240		0	3
241		0	3
242		0	1,3,4
243		0	2
244		0	2,3
245		0	3
246		0	1,3
247		0	2,3
248		0	2,3
252		0	3
253		0	1,3
255		0	1,3
256		0	4
257		0	2
259		0	1,3
260		0	0,2
263		0	2
264		0	2
265		0	1,3
266		0	1,3
269		0	2,3
270		0	4
271		0	2
272		0	1,3
273		0	1,3,4
276		0	1,3
277		0	3
278		0	1,3
280		0	1,4
282		0	1,3
284		0	1,3
285		0	1,3
286		0	1,3
288		0	1,4
290		0	1,4
291		0	2
292		0	
293		0	3
295		0	3
296		0	2
297		0	1,3
298		0	2,4
299		0	1,3
300		0	2,3
303		0	1,3
304		0	1,3
305		0	3
306		0	4
307		0	2
308		0	1,3
310		0	1,3,4
311		0	2
312		0	1,3
316		0	1,3
317		0	2
318		0	1,4
319		0	1,3
320		0	1,3,4
321		0	2
322		0	1,4
323		0	2,3
324		0	1,4
325		0	1,4
326		0	2
327		0	2
328		0	1,3,4
329		0	2,4
330		0	4
333		0	2
334		0	2,3
335		0	1,4
336		0	2
337		0	1,3
338		0	3
339		0	1,3
340		0	1,3
341		0	1,3
343		0	1,3
345		0	1,3
346		0	1,3,4
347		0	2
348		0	2,3
350		0	2,3
353		0	1,3
354		0	1,3
355		0	2
356		0	2
357		0	2
361		0	2
363		0	1,4
364		0	1,3
365		0	1,3,4
367		0	2
371		0	3
372		0	2
373		0	1,3
375		0	1,4
377		0	1,3
378		0	0,4
380		0	4
381		0	1,3
382		0	2
383		0	3
384		0	1,3
385		0	1,4
386		0	1,4
387		0	2,3
389		0	0,2,4
391		0	1,4
393		0	1,3
395		0	0,2
396		0	1,3
398		0	2,3
400		0	2
401		0	0,2,4
402		0	1,3,4
403		0	1
404		0	1
405		0	0,4
406		0	1,4
409		0	2
412		0	1,3
413		0	2
414		0	0,4
416		0	2
417		0	1,4
418		0	1,4
419		0	0,4
422		0	1,3
423		0	2
426		0	2
428		0	2
429		0	4
430		0	2,3
432		0	1,3
433		0	2
434		0	1,3
435		0	1,3
436		0	1,3,4
437		0	0,2,4
438		0	2
439		0	2
441		0	2
442		0	1,4
443		0	1,3
444		0	2
445		0	2
446		0	0,2
447		0	2
449		0	1,4
450		0	2
451		0	2
452		0	1,3
454		0	1,4
456		0	1,3
457		0	1,4
458		0	1,4
459		0	1
460		0	2
461		0	1,3
462		0	2
463		0	2
465		0	1,4
466		0	1,3
467		0	2,3
468		0	2
470		0	2,3
472		0	1,4
473		0	0,4
476		0	1,3
477		0	2,3
478		0	1,3
480		0	1
481		0	2
482		0	1
483		0	3
485		0	1,3,4
487		0	1,4
488		0	1,3,4
491		0	2
492		0	4
495		0	2
496		0	2,3
497		0	1,3
499		0	4
500		0	1,3
501		0	1,3
503		0	1,4
504		0	2
505		0	2,3
506		0	2,3
509		0	2
510		0	1,3
512		0	1,3
513		0	2
517		0	1,3
519		0	2,3
520		0	1,3
521		0	2,3
522		0	1,3
523		0	1,3
524		0	2
526		0	0,2,4
527		0	1,3,4
530		0	2
531		0	2
532		0	2
534		0	1,4
535		0	2
536		0	0,4
537		0	1,3
538		0	4
539		0	1,3
541		0	1,3,4
542		0	0,2,4
544		0	4
546		0	
547		0	1,3,4
548		0	1,3
549		0	1,3
550		0	1,4
552		0	
555		0	1,3
556		0	2
559		0	2,3
560		0	2
562		0	0,2,4
563		0	1,4
567		0	1,4
568		0	2
569		0	4
570		0	1,3
571		0	4
573		0	2
574		0	2
575		0	2
576		0	2,3
579		0	2
581		0	1,4
583		0	1,3
584		0	1,3
585		0	1,3
586		0	1,4
587		0	2
588		0	1,3
589		0	2
590		0	1,3
591		0	1,4
592		0	1,3
593		0	1,3
594		0	4
595		0	1
596		0	1,4
597		0	4
598		0	1,3
601		0	1,3,4
602		0	2,3
605		0	1,3,4
606		0	1,3
608		0	1,3
609		0	0,2,4
611		0	1,4
612		0	1,3
613		0	1,3
614		0	1
617		0	1,3
618		0	1,3
620		0	1,3,4
621		0	1,3
623		0	2,4
624		0	1,4
625		0	2
626		0	1
627		0	4
628		0	4
630		0	0,2,4
631		0	1,4
632		0	4
633		0	1,3,4
635		0	1,3
636		0	2,4
638		0	1,3
639		0	1,3,4
640		0	3
641		0	2
643		0	3
644		0	4
646		0	3,4
647		0	1,3,4
649		0	0,4
652		0	1,3
653		0	2
654		0	4
655		0	1,3,4
656		0	1,3
659		0	1,4
660		0	0,2,4
661		0	2
662		0	4
663		0	2
667		0	1,4
668		0	1,4
669		0	1,3
670		0	1,3
671		0	1
672		0	1,4
673		0	0,2
674		0	1,4
675		0	4
676		0	2
678		0	1,3
679		0	4
681		0	
682		0	1,4
683		0	1,4
684		0	4
685		0	2,3
686		0	1,3
689		0	1,4
690		0	3
691		0	2
692		0	1,3,4
693		0	4
694		0	2
696		0	1,3,4
697		0	2
698		0	2
699		0	1,3
700		0	2
702		0	4
704		0	2
706		0	1,4
707		0	1,3
710		0	2
711		0	2
712		0	1
714		0	1,3
716		0	2
718		0	
719		0	2
720		0	1,4
721		0	0,4
722		0	
724		0	4
725		0	4
727		0	1,3
728		0	4
729		0	1,3,4
733		0	2
735		0	2
736		0	1,4
737		0	2
738		0	1,3
739		0	2
740		0	1,3
741		0	1,4
744		0	1,3
746		0	2
747		0	2
748		0	1,3
749		0	1,3
751		0	1,3
754		0	2
756		0	2
758		0	1,3
759		0	1,3
762		0	4
763		0	2,4
764		0	2
765		0	1,3,4
770		0	1,4
771		0	1,3
773		0	1,4
775		0	0,2,4
777		0	0,2,4
778		0	2
780		0	1,3
781		0	2
782		0	1,3
785		0	1,4
786		0	1,3
787		0	1,3
788		0	1,3
790		0	1,3
791		0	1,3
792		0	0,2,4
793		0	2
795		0	3
796		0	
797		0	1,3
799		0	1,3
800		0	1,3
801		0	1,3
802		0	0,2
804		0	2
806		0	2
809		0	0,2
810		0	1
812		0	1,3
816		0	1,3
817		0	1,3
818		0	1,3
821		0	1,3
823		0	2
824		0	2
825		0	2
826		0	1,3
827		0	2
828		0	2
830		0	0,2
831		0	1,3,4
832		0	0,2
833		0	2
834		0	1,3,4
835		0	0,2,4
836		0	1,4
837		0	4
839		0	4
840		0	2,4
843		0	1,3
845		0	2,4
846		0	2
847		0	1,3
848		0	2
850		0	2
851		0	1,3
852		0	0,2,4
853		0	1,3,4
854		0	1,3,4
855		0	0,2
856		0	2
857		0	1,3
858		0	1,4
861		0	2,3
862		0	1,4
863		0	1,3
864		0	0,2,4
866		0	4
869		0	2
871		0	2
874		0	1,4
876		0	1,3
878		0	4
879		0	1,4
880		0	4
881		0	2
882		0	0,2
883		0	2,3
884		0	1,3
885		0	1,4
886		0	4
887		0	1,4
888		0	1,4
889		0	1
890		0	1,4
892		0	1,4
894		0	0,2,4
895		0	4
900		0	2
901		0	2
902		0	1,3,4
903		0	0,4
904		0	0,2,4
906		0	1,3
907		0	
909		0	2
910		0	2
911		0	2,3
912		0	2
914		0	4
916		0	2
918		0	4
919		0	0,2,4
922		0	2,4
924		0	2
926		0	0,2,4
928		0	4
929		0	2
930		0	0,2,4
931		0	1,4
932		0	1,4
933		0	1,3
934		0	0,4
935		0	1,3
936		0	0,2
938		0	0,2,4
939		0	2
942		0	1,3
943		0	1,3
944		0	2,3
946		0	1,3,4
948		0	2
949		0	1,4
951		0	0,4
952		0	1,4
953		0	1,4
954		0	1,3,4
956		0	1
957		0	1,4
958		0	2,3
959		0	1,4
962		0	2
963		0	1,4
964		0	2,4
967		0	4
968		0	1,4
970		0	0,2,4
972		0	1,3,4
973		0	2
974		0	0,4
976		0	1,3
977		0	0,2,4
978		0	4
979		0	2
981		0	1,4
984		0	0,2,4
986		0	1,4
987		0	1,4
988		0	1,4
989		0	1,3
991		0	2
992		0	4
994		0	4
995		0	1
996		0	1,4
999		0	2,3
1002		0	2
1004		0	1,4
1005		0	1,3
1007		0	1,3
1008		0	2
1009		0	2
1010		0	2
1011		0	2
1012		0	2
1015		0	1,3
1016		0	1
1017		0	1,4
1019		0	3
1020		0	4
1021		0	1,3
1023		0	4
1024		0	1,3
1025		0	4
1026		0	1,4
1028		0	1,3
1029		0	2
1030		0	2
1032		0	4
1033		0	1,3
1035		0	2
1037		0	2,4
1040		0	1,3
1041		0	3,4
1043		0	0,4
1044		0	0,2
1045		0	0,2,4
1046		0	1,4
1047		0	1,3
1048		0	1,3
1050		0	2
1051		0	1,4
1052		0	1,3,4
1053		0	2
1054		0	1,3
1055		0	2
1056		0	2
1057		0	2
1058		0	2
1061		0	2
1064		0	1,4
1065		0	1,4
1067		0	2,3
1069		0	1,3
1070		0	4
1071		0	4
1072		0	1,3
1074		0	0,4
1076		0	1
1079		0	0,2,4
1080		0	2
1081		0	2,3
1083		0	1,3
1084		0	2
1085		0	0,2,4
1086		0	1,4
1087		0	2
1088		0	4
1089		0	1,3
1090		0	1,3
1091		0	2
1094		0	4
1095		0	1,3
1097		0	1,4
1098		0	0,2
1099		0	2
1100		0	1,3,4
1101		0	2
1102		0	1,3
1103		0	2
1104		0	1,4
1105		0	1,4
1108		0	4
1111		0	2
1114		0	2,3
1115		0	2
1117		0	1,3
1118		0	1
1119		0	4
1120		0	1,3
1121		0	4
1123		0	1,4
1126		0	0,2,4
1128		0	1,3
1131		0	1,4
1132		0	1,3
1133		0	2
1135		0	2,4
1136		0	0,2,4
1137		0	2
1138		0	1,3
1139		0	3,4
1140		0	2
1141		0	1,3,4
1142		0	0,4
1143		0	1,4
1144		0	2
1145		0	1,3
1146		0	4
1147		0	1,4
1148		0	3
1150		0	1,3
1151		0	2
1152		0	2
1153		0	1,3,4
1154		0	1,4
1156		0	
1157		0	1,4
1158		0	1,3
1160		0	2
1161		0	2
1162		0	2
1163		0	0,4
1164		0	0,4
1165		0	1,4
1167		0	1,3,4
1169		0	1,3
1171		0	2
1172		0	1,4
1173		0	0,2,4
1174		0	1
1175		0	4
1176		0	0,2,4
1177		0	2
1179		0	2
1180		0	0,2
1181		0	1,4
1182		0	0,2,4
1183		0	0,4
1184		0	4
1186		0	3
1187		0	0,2,4
1191		0	1,4
1192		0	1,3,4
1195		0	1,4
1198		0	4
1200		0	1,4
1202		0	1,4
1203		0	1,3
1207		0	2,3
1208		0	1,3
1209		0	1,4
1211		0	4
1212		0	2
1213		0	2,3
1214		0	1,4
1215		0	1,3
1220		0	1,4
1221		0	2
1223		0	0,4
1224		0	4
1225		0	1,3
1226		0	4
1227		0	1,4
1228		0	1,3
1229		0	2
1230		0	0,2,4
1231		0	0,2,4
1232		0	2
1233		0	0,2,4
1236		0	4
1237		0	0,2,4
1238		0	2
1240		0	1,3
1241		0	4
1242		0	2
1244		0	4
1245		0	4
1246		0	0,4
1247		0	0,2
1248		0	1,4
1249		0	1,3
1250		0	0,2,4
1251		0	1,3
1252		0	0,2
1256		0	4
1258		0	4
1259		0	2,4
1260		0	1,4
1261		0	2,3
1262		0	1,4
1263		0	0,2,4
1264		0	1,3
1265		0	4
1268		0	1,4
1271		0	2,4
1272		0	0,2,4
1273		0	4
1274		0	1
1275		0	4
1277		0	0,2
1278		0	2
1279		0	2,4
1280		0	1,3
1281		0	
1282		0	1,4
1283		0	2
1284		0	0,2
1285		0	1,3
1286		0	1,3
1287		0	1,3
1288		0	1,3
1289		0	1,3,4
1290		0	2
1291		0	1,3
1293		0	2
1294		0	1,3,4
1296		0	1,4
1297		0	1,4
1299		0	0,4
1301		0	4
1303		0	2
1305		0	1,3
1307		0	4
1309		0	1,3
1310		0	2
1311		0	1,3
1312		0	0,4
1313		0	2,3
1315		0	1,3
1316		0	0,2,4
1317		0	2
1318		0	1,3,4
1320		0	1,3
1321		0	1,3
1322		0	3
1324		0	1,4
1325		0	4
1326		0	2,4
1327		0	2
1331		0	2,4
1334		0	4
1337		0	1,3,4
1338		0	1,3
1340		0	2
1341		0	1,3
1343		0	1
1344		0	4
1345		0	1,3
1347		0	4
1348		0	2
1349		0	0,4
1350		0	4
1352		0	0,2
1353		0	2
1354		0	2
1357		0	0,2
1362		0	2
1364		0	1,3
1365		0	0,2
1368		0	1,3
1370		0	2,4
1371		0	1,3
1372		0	2
1375		0	2,3
1376		0	2,3
1377		0	1,4
1378		0	1,3,4
1380		0	1,3
1381		0	2
1382		0	1,3,4
1383		0	0,2,4
1386		0	1,4
1389		0	0,2,4
1390		0	4
1392		0	2
1393		0	0,2,4
1394		0	1,3
1396		0	1,3
1397		0	1,4
1398		0	4
1400		0	0,2,4
1401		0	0,2
1402		0	2
1403		0	2,4
1406		0	2
1407		0	1,3
1408		0	0,2
1409		0	2
1411		0	1,4
1412		0	1,3
1414		0	1
1415		0	1,3
1417		0	2
1418		0	2
1419		0	3
1420		0	0,2,4
1422		0	4
1424		0	0,4
1426		0	0,2,4
1427		0	1,4
1430		0	1,3
1433		0	3,4
1434		0	2
1435		0	1,3
1436		0	1,4
1437		0	1,3
1438		0	0,2,4
1440		0	1,3
1441		0	2
1442		0	4
1445		0	4
1446		0	2
1449		0	2
1450		0	2
1451		0	0,4
1452		0	1,3
1453		0	0,2,4
1455		0	1,4
1457		0	4
1458		0	4
1459		0	0,2,4
1460		0	4
1462		0	4
1463		0	1,3
1464		0	1,4
1465		0	1,3
1466		0	1,3
1467		0	1,4
1468		0	1,3
1470		0	0,4
1471		0	2,3
1472		0	4
1473		0	4
1474		0	1,4
1476		0	1,4
1477		0	4
1478		0	4
1479		0	4
1480		0	4
1481		0	2
1482		0	1,4
1483		0	0,2,4
1484		0	0,4
1485		0	0,2,4
1486		0	0,4
1487		0	0,4
1489		0	1,3
1492		0	1,3
1493		0	4
1495		0	1,4
1496		0	0,4
1497		0	4
1498		0	1,3,4
1499		0	2
1500		0	1,4
1501		0	1,3
1502		0	0,2,4
1503		0	1,3
1504		0	1,3,4
1505		0	1,4
1507		0	1,3
1508		0	4
1509		0	2,3
1510		0	1,3
1511		0	0,4
1512		0	0,2
1513		0	0,2
1514		0	1
1515		0	2
1516		0	2,4
1517		0	2
1518		0	2
1521		0	4
1523		0	0,2
1524		0	1,3
1525		0	1,4
1527		0	1,4
1528		0	4
1529		0	1,3
1530		0	0,2,4
1534		0	0,2,4
1536		0	1,3
1537		0	1,3
1538		0	2
1539		0	0,2
1541		0	0,4
1542		0	1,4
1544		0	1,3,4
1545		0	0,4
1547		0	1,4
1548		0	0,2,4
1549		0	2
1550		0	1,3
1552		0	4
1553		0	1,4
1556		0	2
1558		0	1,4
1559		0	0,2
1560		0	0,2
1561		0	2
1563		0	1,4
1564		0	1,2,3
1565		0	0,4
1566		0	1,3
1567		0	4
1568		0	2
1569		0	2
1570		0	3
1571		0	2
1572		0	2
1573		0	1,4
1574		0	1,3
1575		0	2,3
1576		0	4
1577		0	4
1579		0	0,4
1580		0	0,2,4
1581		0	2
1582		0	2
1583		0	2,4
1584		0	1,4
1586		0	0,2
1587		0	1,2,3
1592		0	0,2,4
1594		0	2
1595		0	0,2,4
1596		0	0,2
1597		0	1,4
1598		0	2
1599		0	0,2,4
1600		0	2
1601		0	4
1605		0	2
1606		0	1,3
1607		0	2
1608		0	0,2,4
1609		0	2
1610		0	0,4
1612		0	1,3
1613		0	2
1614		0	2
1615		0	0,2,4
1616		0	4
1618		0	1,3
1619		0	1,4
1620		0	1,4
1621		0	0,2,4
1622		0	4
1623		0	0,2,4
1625		0	1,3
1626		0	2,3
1627		0	1,3
1628		0	1,3
1629		0	2
1630		0	1,3
1632		0	0,2,4
1635		0	4
1638		0	1,4
1639		0	0,2,4
1640		0	2
1641		0	2,3
1642		0	0,2,4
1643		0	4
1645		0	1,3
1646		0	2
1647		0	1,3
1649		0	2
1650		0	0,2,4
1651		0	0,2
1652		0	1,4
1653		0	1,3
1654		0	1,3
1655		0	1,3
1656		0	1,3
1657		0	1,3
1658		0	0,2,4
1659		0	1,4
1661		0	2
1663		0	2,3
1664		0	1,4
1665		0	1,3
1669		0	4
1670		0	1,3
1671		0	1,4
1672		0	1,3
1673		0	1,3
1674		0	2,4
1675		0	1,3,4
1676		0	2
1677		0	0,2
1679		0	0,4
1680		0	1,4
1682		0	4
1684		0	
1685		0	0,4
1687		0	2
1688		0	0,2,4
1690		0	1,3
1691		0	1,4
1692		0	1,3,4
1696		0	2
1698		0	3
1702		0	0,2,4
1703		0	2
1705		0	2
1706		0	2
1707		0	4
1708		0	0,4
1709		0	2
1712		0	2,4
1714		0	1,4
1715		0	2
1716		0	4
1717		0	2
1718		0	2
1720		0	0,2,4
1721		0	1,3
1722		0	1
1724		0	4
1725		0	0,4
1726		0	4
1727		0	1,3
1731		0	1,4
1732		0	2
1733		0	1,3
1736		0	2
1737		0	0,2,4
1738		0	2
1740		0	2
1741		0	1,2
1742		0	1
1743		0	0,2
1748		0	1,4
1752		0	0,2,4
1756		0	0,4
1757		0	4
1758		0	0,4
1759		0	0,2
1762		0	1,3
1763		0	1,3
1765		0	4
1766		0	2
1770		0	1,3
1771		0	4
1772		0	2
1773		0	1,4
1774		0	4
1777		0	0,2,4
1778		0	1
1779		0	4
1780		0	1,3,4
1781		0	4
1782		0	2
1784		0	4
1786		0	1,4
1787		0	1
1789		0	2
1790		0	2
1792		0	1,3
1794		0	1,3
1795		0	0,2,4
1796		0	1,3,4
1797		0	4
1798		0	2,3
1799		0	2
1800		0	0,2
1801		0	0,2,4
1804		0	2
1805		0	0,2
1806		0	4
1807		0	1,4
1808		0	2,4
1809		0	1
1810		0	1
1811		0	2
1812		0	1,4
1813		0	1,3
1814		0	2
1815		0	2,3
1816		0	0,2,4
1817		0	1,4
1818		0	1,2,3
1819		0	2
1820		0	1,4
1821		0	1,4
1823		0	1,3
1826		0	0,2,4
1829		0	4
1831		0	1,3,4
1833		0	0,2,4
1834		0	1,4
1835		0	4
1836		0	1,3
1837		0	0,4
1838		0	1,4
1839		0	1,4
1840		0	0,2,4
1841		0	4
1842		0	2
1844		0	1,3
1846		0	2,3
1847		0	3
1848		0	3
1849		0	1,3
1850		0	1,3
1851		0	1,3
1853		0	0,2,4
1854		0	2
1855		0	2
1856		0	2
1857		0	1,3,4
1858		0	1,3
1861		0	0,4
1862		0	0,2
1864		0	2
1866		0	1,4
1868		0	1,4
1869		0	1,3
1870		0	0,2,4
1871		0	1,4
1872		0	4
1873		0	4
1874		0	1,3,4
1876		0	1,4
1877		0	2,3
1878		0	2
1880		0	0,2,4
1881		0	1,3
1882		0	2
1884		0	0,4
1885		0	1,4
1886		0	4
1888		0	2
1889		0	1,3
1891		0	2
1892		0	0,2,4
1894		0	1,4
1895		0	2
1896		0	4
1899		0	1,3
1900		0	1
1903		0	1,3
1904		0	2
1905		0	1,4
1906		0	0,4
1907		0	2
1909		0	2
1911		0	1,4
1913		0	1,3
1914		0	1
1916		0	0,2,4
1918		0	1,3
1920		0	0,2,4
1922		0	0,2,4
1925		0	0,2,4
1926		0	1,3
1935		0	1,3
1936		0	4
1937		0	0,2,4
1938		0	4
1940		0	0,2,4
1942		0	0,4
1943		0	3,4
1944		0	4
1945		0	1,4
1947		0	1
1948		0	2,4
1949		0	1,4
1950		0	0,2,4
1952		0	4
1954		0	1,3
1955		0	2
1957		0	1,3
1958		0	1,3,4
1959		0	2,3
1960		0	1,4
1961		0	1,3
1962		0	0,4
1963		0	1,4
1967		0	0,4
1970		0	0,2,4
1971		0	2,4
1973		0	1,3
1975		0	1,3
1976		0	3,4
1977		0	1,3
1981		0	2,3
1982		0	4
1983		0	1,3
1985		0	1,4
1987		0	2
1989		0	0,2
1990		0	4
1992		0	0,2,4
1993		0	0,2,4
1994		0	4
1995		0	4
1996		0	1,3
1997		0	4
1999		0	2,3
2001		0	2
2003		0	2
2004		0	1,2
2005		0	0,2,4
2006		0	2
2007		0	1,3
2008		0	4
2009		0	1,4
2012		0	1,3
2016		0	2
2020		0	0,2
2021		0	4
2022		0	2
2025		0	2,4
2026		0	1,3,4
2030		0	0,4
2032		0	4
2033		0	2
2034		0	1,3,4
2035		0	
2036		0	1,4
2037		0	0,4
2038		0	0,4
2039		0	1,3
2042		0	1,3
2043		0	0,4
2046		0	2,4
2047		0	2
2048		0	0,4
2049		0	2
2050		0	0,4
2051		0	0,2,4
2052		0	4
2053		0	2
2057		0	1,3
2058		0	0,4
2059		0	2
2060		0	0,2,4
2063		0	2,4
2064		0	0,2
2065		0	4
2066		0	2
2069		0	2
2071		0	1,3
2073		0	4
2074		0	1,3
2077		0	2
2078		0	1,3
2079		0	4
2081		0	1,4
2085		0	1,4
2088		0	1,4
2089		0	1,4
2090		0	2
2091		0	1,4
2095		0	2
2096		0	2,4
2097		0	3
2098		0	2
2099		0	0,4
2100		0	0,2,4
2101		0	0,2,4
2102		0	1,3
2103		0	3
2105		0	0,2,4
2106		0	2
2107		0	1,4
2109		0	4
2110		0	0,2,4
2111		0	4
2112		0	1,4
2115		0	2,3
2116		0	1,3
2117		0	1,3
2118		0	0,2,4
2119		0	1,3,4
2120		0	0,2,4
2121		0	0,2,4
2124		0	1,4
2129		0	1,3
2130		0	4
2131		0	1,3
2132		0	0,2,4
2133		0	0,2,4
2137		0	2
2140		0	2
2145		0	0,4
2147		0	2
2148		0	2
2154		0	4
2155		0	4
2157		0	0,2,4
2158		0	2
2159		0	2
2160		0	1,3
2162		0	0,2,4
2164		0	0,4
2168		0	1
2169		0	1,4
2171		0	2,4
2175		0	2
2176		0	4
2177		0	1,3
2178		0	1,4
2179		0	0,4
2181		0	1,4
2183		0	0,4
2184		0	2
2185		0	1,3
2186		0	2,4
2188		0	1,3
2189		0	0,2,4
2190		0	0,4
2191		0	1
2192		0	4
2194		0	1
2195		0	2,4
2196		0	2
2197		0	2
2200		0	1,3
2201		0	4
2202		0	0,2,4
2203		0	0,4
2204		0	0,2
2205		0	1,3
2206		0	1,4
2207		0	2,4
2208		0	0,2,4
2210		0	2
2211		0	1,3
2214		0	0,2
2215		0	4
2216		0	2
2218		0	0,4
2219		0	2
2221		0	0,2
2222		0	0,2,4
2225		0	1,4
2226		0	2,3
2227		0	1,3
2228		0	1,3
2231		0	2
2234		0	4
2235		0	4
2236		0	2
2240		0	2
2242		0	0,2
2243		0	0,4
2244		0	1,3
2245		0	0,2,4
2249		0	0,2,4
2250		0	2,4
2251		0	1,4
2253		0	1,3
2255		0	1,3
2258		0	0,4
2259		0	2,3
2260		0	0,2
2262		0	1,3
2263		0	1,4
2264		0	2
2265		0	4
2266		0	2,4
2267		0	1,4
2268		0	1,4
2271		0	0,2
2273		0	4
2274		0	1,4
2275		0	1,4
2276		0	0,4
2278		0	0,2,4
2279		0	0,4
2281		0	0,4
2282		0	0,2,4
2283		0	1,4
2284		0	0,2,4
2287		0	1,4
2290		0	0,4
2293		0	0,4
2294		0	1,4
2295		0	0,2,4
2296		0	2,3
2298		0	0,2,4
2301		0	2
2305		0	4
2307		0	4
2308		0	1,3
2310		0	0,4
2311		0	1,4
2312		0	1,4
2313		0	2
2315		0	2
2318		0	1,4
2319		0	2,3
2320		0	1
2323		0	0,2,4
2324		0	0,2
2325		0	1,4
2327		0	1,3
2329		0	1,3
2330		0	1,3,4
2331		0	0,4
2332		0	0,2,4
2333		0	0,2,4
2335		0	2
2336		0	0,2,4
2338		0	0,4
2339		0	4
2340		0	1
2343		0	1,3
2344		0	4
2345		0	2
2346		0	2
2347		0	1
2349		0	2
2350		0	2
2351		0	3
2352		0	1,3
2353		0	2
2354		0	1,3
2355		0	4
2356		0	0,2,4
2357		0	2
2358		0	2
2359		0	0,2
2361		0	3
2362		0	0,4
2364		0	2
2365		0	0,4
2366		0	1,4
2370		0	1,3
2372		0	4
2373		0	2,3
2375		0	4
2376		0	4
2377		0	1
2378		0	2,3
2379		0	0,4
2380		0	4
2381		0	1,4
2383		0	1,4
2384		0	0,2,4
2386		0	2
2388		0	4
2389		0	1,4
2390		0	2
2391		0	0,2,4
2392		0	3
2394		0	1,4
2395		0	1,3
2396		0	2,4
2397		0	0,2,4
2399		0	0,2,4
2400		0	4
2402		0	1,4
2404		0	0,2,4
2405		0	1,3,4
2406		0	4
2408		0	4
2409		0	0,4
2410		0	1,4
2411		0	0,2,4
2412		0	0,4
2415		0	1,3
2418		0	1,4
2419		0	1,3,4
2420		0	4
2422		0	2
2423		0	1,3
2424		0	1,4
2426		0	0,4
2428		0	2
2429		0	1,4
2430		0	0,2,4
2431		0	2
2432		0	1,3,4
2433		0	1,4
2435		0	1,3
2438		0	1,3
2439		0	1,3,4
2440		0	1,2
2441		0	2
2443		0	4
2444		0	1,3
2445		0	1,3
2447		0	2,4
2448		0	1,3
2450		0	0,2,4
2451		0	1,3
2452		0	2
2453		0	0,2,4
2456		0	0,2,4
2457		0	2
2458		0	0,4
2459		0	0,2
2460		0	0,2,4
2462		0	2
2463		0	2
2464		0	2,3
2465		0	1,4
2466		0	4
2468		0	2
2469		0	1,3
2470		0	2,3
2471		0	1,4
2472		0	1,3
2474		0	3
2477		0	1,4
2479		0	1,3,4
2482		0	1,3
2484		0	4
2485		0	1,4
2487		0	0,2,4
2489		0	2
2490		0	0,4
2492		0	0,2,4
2493		0	0,2,4
2494		0	4
2495		0	2
2496		0	1
2497		0	0,2,4
2498		0	1,3
2499		0	0,2,4
2503		0	2,4
2504		0	1
2505		0	2
2506		0	2
2508		0	1,3
2512		0	3,4
2514		0	0,2
2515		0	0,4
2516		0	1,3
2517		0	2
2518		0	0,2,4
2519		0	1,3
2520		0	0,4
2521		0	0,2,4
2522		0	2,3
2523		0	0,4
2524		0	1,4
2525		0	0,2,4
2527		0	0,2,4
2528		0	0,2,4
2529		0	0,2
2530		0	1,3
2531		0	0,2,4
2532		0	1,3
2533		0	4
2535		0	1,4
2536		0	2
2537		0	4
2538		0	1,4
2539		0	0,4
2540		0	
2541		0	4
2542		0	1,4
2544		0	2
2545		0	4
2546		0	0,2,4
2547		0	1,4
2548		0	0,2,4
2552		0	2
2553		0	0,2,4
2555		0	3
2556		0	4
2557		0	3,4
2558		0	2
2561		0	4
2562		0	1,3,4
2563		0	3,4
2566		0	0,2
2568		0	1,3
2569		0	2
2570		0	0,2
2573		0	2
2574		0	4
2575		0	2
2576		0	1
2577		0	2
2578		0	0,4
2579		0	4
2580		0	2
2581		0	1,3
2582		0	2
2584		0	0,4
2586		0	1,4
2588		0	0,2
2589		0	4
2591		0	4
2592		0	1
2593		0	4
2595		0	2,4
2596		0	1
2597		0	0,2,4
2599		0	1,3
2600		0	2
2602		0	1,4
2603		0	0,2
2605		0	1,4
2606		0	0,2,4
2607		0	2
2611		0	1
2612		0	2
2613		0	0,4
2614		0	2
2615		0	0,4
2617		0	0,2,4
2618		0	0,4
2620		0	2
2621		0	4
2623		0	1,3
2625		0	1
2626		0	1,4
2627		0	
2629		0	1,4
2630		0	1,3
2632		0	1,3,4
2633		0	2
2634		0	2
2636		0	1,3
2638		0	0,2,4
2639		0	0,2,4
2640		0	1,3
2641		0	1,4
2642		0	2,4
2643		0	0,2,4
2647		0	2
2648		0	0,2,4
2649		0	4
2650		0	0,2,4
2651		0	1,4
2652		0	4
2653		0	1,4
2654		0	1,4
2655		0	2
2656		0	2
2657		0	0,2,4
2658		0	0,4
2662		0	0,2
2664		0	4
2665		0	4
2666		0	2,4
2667		0	0,2,4
2669		0	2
2670		0	2
2672		0	1,4
2674		0	0,2,4
2675		0	1,4
2676		0	4
2677		0	4
2681		0	4
2683		0	4
2684		0	4
2686		0	1,4
2688		0	1,3,4
2689		0	1,3
2692		0	4
2693		0	2
2694		0	0,2,4
2695		0	4
2698		0	1,3
2700		0	3,4
2701		0	4
2702		0	2
2703		0	0,4
2704		0	0,4
2705		0	1,4
2707		0	4
2708		0	0,4
2709		0	1,3,4
2710		0	0,4
2711		0	0,2
2712		0	3
2713		0	2
2714		0	1,4
2716		0	2,4
2717		0	1
2719		0	1,3
2721		0	1,3
2723		0	0,4
2725		0	2
2727		0	0,2,4
2728		0	2
2729		0	1,4
2730		0	2,3
2731		0	1,3
2733		0	1,4
2735		0	2,3
2736		0	0,2,4
2737		0	0,2
2741		0	0,2,4
2742		0	0,2
2744		0	2
2745		0	4
2746		0	2
2747		0	2
2749		0	0,4
2750		0	2
2751		0	0,2,4
2754		0	0,4
2755		0	0,4
2756		0	1,3
2757		0	1,4
2758		0	4
2759		0	4
2760		0	1,3
2761		0	4
2763		0	2
2765		0	0,4
2766		0	2,3
2767		0	2
2768		0	4
2770		0	1,4
2771		0	4
2773		0	1,4
2774		0	1,4
2775		0	1,4
2776		0	2,4
2777		0	1
2779		0	4
2780		0	1,3
2781		0	4
2782		0	0,2,4
2783		0	1,3
2784		0	0,2,4
2786		0	4
2787		0	0,2,4
2789		0	0,2,4
2790		0	2
2791		0	2
2792		0	1
2793		0	1,4
2794		0	2
2795		0	0,2,4
2796		0	2
2797		0	2
2798		0	2
2802		0	1,3
2803		0	2
2807		0	1,3,4
2808		0	1,3
2809		0	0,2,4
2811		0	1,3
2813		0	2,4
2814		0	3
2815		0	1,3
2816		0	2,4
2817		0	2
2819		0	1
2820		0	0,4
2822		0	0,2
2825		0	2,4
2827		0	1,4
2828		0	0,2,4
2829		0	1,3
2830		0	4
2831		0	0,4
2833		0	2,3
2835		0	1,3
2836		0	1,4
2837		0	1,3
2838		0	0,2,4
2841		0	0,2,4
2842		0	1,4
2845		0	1,4
2846		0	2,4
2848		0	0,2,4
2850		0	4
2852		0	4
2853		0	1,4
2854		0	0,2,4
2858		0	1,4
2859		0	2
2861		0	1
2862		0	2
2866		0	2
2870		0	1,4
2871		0	1,3
2874		0	1,4
2875		0	2
2876		0	1,4
2877		0	0,2,4
2882		0	1,4
2883		0	1
2885		0	2
2886		0	2
2887		0	2
2888		0	1,3
2889		0	0,2,4
2891		0	0,2,4
2893		0	2
2895		0	1,4
2896		0	0,2,4
2897		0	0,2,4
2900		0	0,2,4
2901		0	2
2902		0	0,2,4
2904		0	2
2906		0	1,3
2907		0	2
2908		0	0,2,4
2909		0	0,2,4
2912		0	0,4
2913		0	1,3,4
2915		0	2
2917		0	1,3,4
2918		0	0,4
2921		0	2
2924		0	2
2925		0	0,4
2926		0	0,2
2928		0	0,2,4
2929		0	0,4
2930		0	4
2931		0	1,3,4
2933		0	1,4
2935		0	0,4
2937		0	1,4
2938		0	1,4
2940		0	4
2941		0	0,4
2942		0	4
2944		0	2,4
2946		0	0,2,4
2947		0	0,2,4
2949		0	1,4
2950		0	1,4
2952		0	1,3
2954		0	2
2956		0	1,3
2957		0	1,4
2958		0	4
2959		0	1,4
2960		0	1,3
2964		0	1,4
2966		0	2
2967		0	2,3
2968		0	2
2969		0	4
2972		0	0,4
2973		0	0,2,4
2974		0	1,4
2975		0	2
2976		0	1,3
2979		0	1,4
2982		0	2
2984		0	0,2
2986		0	1,3
2988		0	4
2991		0	4
2993		0	2
2995		0	2
2996		0	1,3
2997		0	4
2998		0	4
2999		0	1,3
3001		0	4
3004		0	0,2,4
3005		0	0,2,4
3006		0	0,2,4
3007		0	0,2,4
3008		0	2,3
3016		0	0,2
3018		0	0,4
3019		0	0,2,4
3020		0	1,3
3025		0	1,4
3026		0	2,4
3027		0	0,4
3028		0	4
3030		0	0,2,4
3032		0	4
3034		0	2
3036		0	1,4
3041		0	2
3042		0	4
3045		0	
3048		0	2
3051		0	0,2
3052		0	1,3
3054		0	1
3056		0	2
3057		0	1,3
3058		0	1,3
3059		0	1,3
3063		0	2,4
3066		0	1,3
3067		0	0,2,4
3068		0	2
3069		0	0,2,4
3072		0	2
3073		0	1,3
3074		0	1,4
3076		0	1,3
3077		0	0,2,4
3078		0	0,2,4
3079		0	1,3
3081		0	0,2,4
3084		0	2
3086		0	0,2,4
3088		0	2,3
3089		0	1,2
3092		0	1,3,4
3093		0	2
3095		0	2
3096		0	2
3097		0	0,4
3098		0	0,2,4
3102		0	0,2,4
3103		0	2
3105		0	0,4
3106		0	0,2,4
3108		0	1
3109		0	1,3
3111		0	0,2
3114		0	0,2
3116		0	4
3117		0	1,3
3118		0	2
3122		0	4
3124		0	2
3125		0	4
3127		0	1,4
3128		0	4
3131		0	2
3132		0	1,3
3133		0	1,4
3134		0	1,4
3137		0	0,4
3138		0	2
3139		0	0,2,4
3140		0	1,3
3142		0	0,2,4
3143		0	1,3
3144		0	1,4
3145		0	1,4
3146		0	2,4
3148		0	1,4
3150		0	1,4
3151		0	2
3152		0	1,4
3154		0	4
3155		0	0,2,4
3156		0	1,4
3157		0	1,3
3158		0	1,3
3161		0	1,4
3162		0	0,4
3164		0	0,2
3165		0	2,4
3166		0	2
3167		0	1,3
3168		0	1,4
3169		0	0,4
3171		0	1,4
3174		0	2
3175		0	0,2,4
3176		0	0,2,4
3177		0	0,2,4
3178		0	2
3179		0	0,4
3180		0	2
3181		0	0,2
3183		0	1
3186		0	1,3
3187		0	4
3189		0	4
3190		0	1,4
3191		0	4
3193		0	0,4
3194		0	2
3196		0	2
3197		0	2,3
3198		0	2
3201		0	1,3
3202		0	1,3
3203		0	2
3204		0	4
3205		0	4
3207		0	4
3208		0	1,4
3214		0	0,4
3218		0	1,4
3219		0	2,4
3220		0	0,4
3221		0	1,3
3222		0	1
3223		0	0,2,4
3229		0	0,2,4
3232		0	4
3233		0	0,4
3235		0	0,2,4
3236		0	1,3,4
3237		0	1,4
3239		0	1,4
3240		0	0,2,4
3241		0	0,2,4
3242		0	0,2,4
3243		0	2,3
3244		0	2,4
3248		0	4
3252		0	4
3254		0	0,2,4
3256		0	1,3
3257		0	1,4
3259		0	1,4
3262		0	2,4
3263		0	1,3
3264		0	2,4
3266		0	1,4
3267		0	1,4
3268		0	1,3
3270		0	0,4
3272		0	2
3273		0	3
3275		0	4
3276		0	0,4
3277		0	2
3278		0	1,3
3281		0	0,4
3283		0	0,2,4
3285		0	1,4
3288		0	0,2,4
3289		0	2
3290		0	4
3292		0	1,4
3293		0	4
3294		0	0,2
3295		0	0,4
3296		0	1,4
3297		0	0,2,4
3298		0	0,2
3300		0	0,2,4
3301		0	1,3
3302		0	
3305		0	2
3308		0	1,4
3312		0	0,4
3314		0	1,3
3315		0	2
3317		0	2
3318		0	0,2,4
3319		0	1,4
3322		0	1,4
3323		0	1
3324		0	0,4
3325		0	0,2,4
3326		0	0,2,4
3327		0	2,4
3328		0	1
3329		0	2
3330		0	2
3331		0	1,3
3332		0	0,2,4
3333		0	0,4
3336		0	4
3337		0	3
3338		0	4
3340		0	0,2,4
3342		0	0,4
3343		0	4
3346		0	0,2,4
3347		0	4
3349		0	4
3350		0	0,2,4
3352		0	2
3353		0	1,3
3354		0	1
3357		0	1,4
3358		0	1,3,4
3359		0	1,3
3360		0	0,4
3361		0	1,3
3362		0	4
3363		0	0,2,4
3364		0	0,4
3365		0	0,4
3366		0	
3368		0	1,3
3371		0	1,4
3372		0	4
3375		0	0,4
3376		0	0,2,4
3377		0	1,4
3379		0	0,2,4
3380		0	1,3
3384		0	4
3386		0	
3387		0	1,4
3389		0	4
3391		0	4
3392		0	2
3393		0	0,4
3397		0	1,3
3398		0	0,2
3399		0	1,3
3401		0	1,4
3403		0	0,2
3404		0	0,4
3405		0	4
3406		0	1,3
3407		0	1,3
3409		0	2,4
3410		0	0,2
3411		0	0,4
3413		0	1,4
3414		0	
3416		0	1,3
3418		0	1,3
3419		0	1,3
3425		0	1,4
3426		0	1,3
3429		0	1,4
3430		0	0,2,4
3431		0	4
3433		0	0,2,4
3434		0	1,4
3435		0	0,2,4
3436		0	0,4
3439		0	1,3
3440		0	0,2,4
3441		0	4
3442		0	1,4
3444		0	0,2,4
3446		0	0,2,4
3447		0	1,4
3448		0	0,2,4
3450		0	2
3451		0	2,4
3453		0	4
3456		0	2
3457		0	2
3459		0	4
3460		0	4
3461		0	2,4
3462		0	0,2,4
3463		0	1,4
3466		0	1,4
3467		0	1,3
3468		0	1,4
3470		0	2
3472		0	2
3476		0	1,4
3478		0	0,4
3479		0	2,4
3480		0	1,4
3482		0	0,2,4
3484		0	1,4
3486		0	0,2,4
3489		0	0,2,4
3490		0	1
3491		0	1,4
3492		0	4
3493		0	1,4
3494		0	2,3
3495		0	1,3
3497		0	4
3500		0	1,4
3502		0	1,4
3503		0	1,4
3505		0	0,4
3507		0	4
3508		0	0,4
3510		0	2
3511		0	0,2,4
3512		0	4
3513		0	1,4
3514		0	4
3515		0	2
3520		0	0,2,4
3523		0	2
3524		0	0,2,4
3525		0	0,4
3526		0	4
3529		0	0,2
3531		0	4
3532		0	0,2,4
3533		0	0,2,4
3534		0	4
3535		0	4
3536		0	1,4
3538		0	0,4
3540		0	0,4
3541		0	2
3545		0	1,4
3547		0	4
3550		0	2
3553		0	1,3
3554		0	1,4
3555		0	4
3556		0	2
3557		0	2
3558		0	4
3559		0	0,2,4
3561		0	0,4
3563		0	0,2,4
3564		0	4
3565		0	4
3567		0	0,2,4
3570		0	1,4
3572		0	1,4
3574		0	2
3575		0	1
3576		0	0,2,4
3577		0	1,3
3578		0	1,4
3579		0	0,2,4
3580		0	0,2,4
3581		0	1,4
3582		0	4
3583		0	4
3584		0	0,4
3585		0	2
3586		0	1,3
3587		0	0,2,4
3588		0	0,4
3589		0	0,2,4
3590		0	2
3591		0	1,4
3594		0	4
3596		0	2
3601		0	0,2,4
3602		0	1,3
3603		0	0,4
3604		0	1,4
3605		0	1
3606		0	0,4
3607		0	2
3608		0	1,4
3609		0	1,4
3610		0	2,4
3611		0	0,4
3612		0	1,4
3613		0	2
3614		0	2
3616		0	0,2,4
3617		0	1,3,4
3618		0	0,2,4
3620		0	0,2,4
3621		0	4
3622		0	1,3
3630		0	1
3635		0	1,3
3636		0	4
3637		0	1,3,4
3638		0	1,3
3639		0	4
3640		0	4
3642		0	1,4
3644		0	0,2,4
3645		0	0,4
3647		0	0,2
3648		0	2,4
3649		0	2
3651		0	0,4
3652		0	2
3653		0	1,4
3654		0	2
3655		0	0,2,4
3656		0	1,3
3660		0	4
3661		0	1,4
3663		0	2
3664		0	2
3669		0	4
3670		0	1,3
3672		0	0,2,4
3674		0	1,3
3675		0	0,2,4
3676		0	1,4
3678		0	4
3679		0	2
3681		0	4
3682		0	2
3683		0	2
3684		0	0,2,4
3686		0	2
3688		0	1,3
3689		0	0,2,4
3690		0	0,2,4
3691		0	0,2,4
3693		0	0,2,4
3695		0	2
3697		0	4
3698		0	1,4
3700		0	2,4
3702		0	1,4
3704		0	4
3705		0	1,4
3708		0	2
3709		0	0,2,4
3710		0	1,4
3712		0	1,3
3713		0	4
3714		0	1,4
3715		0	0,4
3718		0	2
3723		0	2,3
3724		0	1,3,4
3725		0	0,2,4
3726		0	2,3
3727		0	1,4
3728		0	1
3729		0	1,4
3730		0	2
3731		0	2
3732		0	0,4
3734		0	2
3735		0	4
3739		0	2
3741		0	2
3742		0	1,3
3743		0	0,2,4
3745		0	1,4
3746		0	2
3748		0	2
3750		0	4
3751		0	0,2,4
3752		0	2
3753		0	1
3756		0	4
3757		0	2
3758		0	2
3759		0	0,4
3761		0	0,2,4
3762		0	4
3764		0	1,4
3765		0	1,3
3766		0	2,4
3767		0	0,2,4
3769		0	4
3770		0	4
3772		0	1,4
3774		0	0,4
3777		0	1,4
3779		0	4
3780		0	4
3781		0	0,2,4
3782		0	1,4
3783		0	0,4
3784		0	1,3
3786		0	1,4
3787		0	0,4
3788		0	1,3,4
3789		0	0,4
3791		0	2
3792		0	0,2
3793		0	0,4
3794		0	1
3795		0	1,3
3797		0	1,4
3798		0	0,4
3799		0	0,4
3800		0	1,3
3802		0	0,2
3803		0	0,4
3804		0	1,3,4
3805		0	0,2,4
3806		0	1,3
3808		0	2
3809		0	0,4
3810		0	0,2,4
3811		0	2,4
3812		0	1,3,4
3815		0	4
3816		0	2
3817		0	1,4
3818		0	4
3819		0	4
3820		0	2,4
3822		0	1,3
3824		0	1,3
3825		0	1,3
3826		0	0,4
3827		0	4
3828		0	1,3
3829		0	2
3831		0	2
3834		0	1,3
3835		0	1,3
3836		0	1,4
3837		0	2
3838		0	4
3842		0	0,4
3844		0	1,4
3845		0	2
3846		0	0,2,4
3847		0	4
3848		0	0,2,4
3853		0	0,2,4
3854		0	4
3855		0	1,4
3856		0	1,4
3857		0	1,4
3858		0	4
3859		0	0,4
3860		0	1,3,4
3861		0	
3862		0	2,4
3864		0	1,4
3867		0	0,4
3868		0	2,4
3869		0	4
3870		0	2,3
3871		0	2,4
3873		0	0,2,4
3874		0	1,3,4
3876		0	0,4
3877		0	0,4
3878		0	1,3
3879		0	4
3880		0	0,2,4
3882		0	1
3884		0	2,4
3885		0	0,4
3886		0	1,3,4
3887		0	0,4
3888		0	4
3889		0	4
3890		0	0,4
3893		0	0,2,4
3894		0	1,4
3895		0	1,4
3896		0	1
3897		0	0,2,4
3898		0	4
3900		0	1,3
3901		0	0,4
3902		0	0,2,4
3903		0	2
3904		0	1,3
3905		0	2
3906		0	4
3908		0	1,4
3909		0	1,4
3910		0	4
3911		0	1,4
3914		0	2
3915		0	0,2,4
3917		0	1,4
3919		0	1,3
3920		0	2,3
3921		0	2,3
3923		0	0,4
3924		0	2
3926		0	2
3928		0	2,3
3930		0	1
3931		0	0,2,4
3933		0	3,4
3935		0	1,3
3936		0	4
3938		0	1,3
3939		0	2
3941		0	0,2,4
3943		0	0,2,4
3947		0	2,4
3948		0	1,4
3950		0	2
3952		0	2
3953		0	1
3955		0	0,2,4
3957		0	0,2,4
3958		0	0,2,4
3959		0	1,4
3961		0	1
3962		0	0,2,4
3964		0	1,4
3965		0	0,4
3966		0	4
3967		0	0,2,4
3969		0	2
3970		0	1,4
3971		0	1,4
3974		0	1,3
3976		0	0,2,4
3978		0	1,3
3979		0	2
3982		0	4
3984		0	1,4
3985		0	0,2,4
3987		0	1,4
3990		0	0,2,4
3991		0	2
3992		0	4
3993		0	4
3994		0	2
3995		0	4
3996		0	2
3998		0	2
3999		0	3
4000		0	4
4001		0	0,2
4002		0	0,4
4004		0	0,2
4005		0	0,2,4
4006		0	0,2,4
4011		0	0,4
4013		0	0,2,4
4014		0	0,2,4
4016		0	0,2,4
4017		0	0,2,4
4018		0	2
4020		0	0,4
4021		0	1
4022		0	2
4023		0	1
4024		0	4
4025		0	0,4
4026		0	0,2,4
4027		0	0,2
4028		0	0,4
4029		0	1,2
4031		0	0,2,4
4033		0	1,3
4035		0	1,4
4036		0	0,2,4
4041		0	0,2
4043		0	2
4044		0	2
4045		0	2
4046		0	1,4
4047		0	0,4
4049		0	1,4
4050		0	1,3
4051		0	4
4052		0	2,3
4053		0	1,3
4054		0	0,2,4
4059		0	1,4
4064		0	1,3
4071		0	0,4
4074		0	4
4075		0	1,3
4077		0	1,4
4078		0	4
4079		0	2
4081		0	4
4082		0	0,4
4083		0	0,2,4
4084		0	1,3
4087		0	4
4089		0	0,2,4
4091		0	2
4096		0	1,3
4097		0	4
4098		0	0,4
4099		0	0,2,4
4102		0	1,4
4103		0	0,2,4
4104		0	0,2,4
4106		0	1,3
4107		0	0,4
4108		0	0,2,4
4109		0	2,4
4110		0	4
4114		0	4
4118		0	1,3
4121		0	2
4123		0	0,2,4
4124		0	1,3,4
4125		0	1,3
4126		0	1,3,4
4127		0	1,4
4129		0	0,2,4
4130		0	2
4132		0	0,2,4
4133		0	0,2,4
4134		0	1,4
4135		0	0,4
4137		0	1,4
4138		0	0,4
4139		0	1
4141		0	4
4142		0	2,4
4143		0	1,3
4145		0	1,4
4146		0	0,2
4147		0	0,2,4
4148		0	1,3
4149		0	0,4
4150		0	0,4
4151		0	4
4152		0	4
4154		0	0,2,4
4156		0	1
4159		0	2,3
4163		0	4
4164		0	1,3
4165		0	1,3
4166		0	1,4
4168		0	1,4
4169		0	1,4
4173		0	4
4177		0	0,4
4178		0	0,2,4
4180		0	2
4181		0	1,4
4183		0	4
4187		0	1,3,4
4189		0	0,2,4
4192		0	0,2,4
4193		0	1,4
4198		0	4
4200		0	1,4
4201		0	0,2,4
4202		0	1,2
4203		0	1,4
4204		0	2,4
4205		0	1,4
4208		0	0,4
4209		0	0,2,4
4210		0	0,4
4213		0	1
4215		0	0,2,4
4217		0	2,3
4218		0	2
4219		0	4
4220		0	2
4221		0	
4222		0	1
4223		0	0,2,4
4228		0	2
4229		0	1,3
4231		0	0,4
4235		0	1,4
4236		0	2
4237		0	2
4238		0	2
4239		0	4
4240		0	0,2,4
4243		0	4
4245		0	1,3
4246		0	2
4247		0	2
4248		0	1,3
4249		0	2
4250		0	4
4251		0	1,3
4252		0	1,4
4253		0	0,2,4
4254		0	4
4255		0	0,2,4
4256		0	
4260		0	1,4
4262		0	1,3
4264		0	0,4
4266		0	0,4
4267		0	1,4
4269		0	0,2,4
4270		0	0,4
4271		0	1,4
4272		0	2,4
4274		0	4
4276		0	0,4
4277		0	2,4
4278		0	0,4
4279		0	2
4280		0	2
4281		0	1,4
4282		0	0,2,4
4285		0	4
4286		0	1,3
4288		0	1,4
4289		0	0,2,4
4290		0	0,2,4
4293		0	0,2,4
4294		0	0,4
4296		0	0,2,4
4297		0	2
4299		0	4
4300		0	1
4301		0	0,4
4302		0	4
4303		0	2
4309		0	1,3
4311		0	0,4
4313		0	0,2,4
4314		0	1,3,4
4315		0	1
4317		0	1,4
4318		0	0,4
4320		0	0,2,4
4323		0	1,4
4325		0	1,4
4326		0	1,4
4327		0	0,2,4
4328		0	1
4332		0	1,3
4333		0	4
4336		0	2
4337		0	0,2,4
4338		0	2,4
4339		0	0,4
4341		0	2
4344		0	1,3
4346		0	1,4
4347		0	2
4348		0	4
4350		0	0,4
4352		0	1,3,4
4353		0	2
4354		0	1,3
4356		0	0,4
4359		0	2
4360		0	1,4
4364		0	1,3
4366		0	4
4367		0	0,2,4
4369		0	0,2,4
4370		0	1,4
4371		0	1,3
4373		0	1,3
4375		0	0,2
4377		0	2
4378		0	0,4
4380		0	4
4384		0	1,4
4385		0	0,2,4
4387		0	0,2,4
4388		0	1,3,4
4389		0	1,4
4392		0	1,3
4395		0	1,4
4396		0	4
4397		0	0,2,4
4399		0	1,4
4400		0	0,2,4
4405		0	2
4407		0	0,4
4409		0	2
4411		0	1,3
4412		0	1,2,3
4413		0	2,4
4414		0	0,4
4417		0	0,2,4
4418		0	4
4420		0	4
4421		0	0,2,4
4422		0	0,4
4427		0	1
4429		0	2,3
4433		0	0,4
4435		0	4
4438		0	1,3
4440		0	2
4441		0	1,4
4442		0	2,3
4443		0	0,2,4
4444		0	0,2,4
4446		0	0,2,4
4447		0	1,4
4452		0	0,2,4
4455		0	0,4
4457		0	0,2
4458		0	1,4
4459		0	1,4
4460		0	2,4
4461		0	4
4464		0	2,4
4465		0	0,2,4
4467		0	0,2,4
4468		0	1
4470		0	1,4
4471		0	1,4
4473		0	0,2
4474		0	2
4475		0	0,2,4
4476		0	1,4
4478		0	0,2,4
4479		0	0,2,4
4480		0	4
4481		0	1,4
4482		0	1,3,4
4483		0	2,4
4484		0	1,4
4489		0	0,2,4
4490		0	0,2,4
4492		0	4
4493		0	4
4495		0	4
4499		0	2
4500		0	0,2,4
4502		0	1,4
4503		0	2
4504		0	2
4505		0	2,3
4507		0	4
4508		0	1,3,4
4509		0	2
4511		0	0,2,4
4512		0	2
4513		0	1,4
4514		0	4
4515		0	0,2
4517		0	2
4520		0	0,4
4522		0	2
4526		0	1,3
4527		0	1
4530		0	
4531		0	1,4
4533		0	1,3
4534		0	2,4
4538		0	0,2,4
4541		0	1,4
4542		0	1,4
4543		0	1,4
4544		0	1,4
4546		0	2
4548		0	1,3,4
4550		0	1,4
4551		0	2,4
4553		0	0,2,4
4554		0	
4556		0	2
4557		0	1,3
4558		0	4
4559		0	4
4563		0	1,4
4564		0	4
4565		0	0,4
4567		0	0,2,4
4568		0	1,4
4569		0	2
4570		0	1
4571		0	2
4572		0	2,3
4573		0	2
4576		0	2
4577		0	0,2,4
4578		0	1,4
4581		0	4
4582		0	1,4
4586		0	1,3
4589		0	2,3
4591		0	4
4592		0	2,4
4593		0	1,3
4595		0	4
4602		0	4
4604		0	4
4605		0	0,4
4608		0	2
4609		0	4
4610		0	0,2
4611		0	1,4
4615		0	4
4616		0	0,4
4617		0	
4618		0	0,2,4
4619		0	4
4620		0	2
4621		0	0,4
4622		0	4
4623		0	2
4624		0	4
4625		0	2
4629		0	4
4633		0	4
4636		0	4
4637		0	2,4
4639		0	4
4640		0	0,2,4
4641		0	2,4
4643		0	0,2,4
4648		0	2
4649		0	1,3
4650		0	2
4651		0	0,2,4
4653		0	1,3
4654		0	0,2,4
4655		0	0,2,4
4656		0	
4657		0	4
4659		0	1,4
4660		0	1,4
4663		0	1,4
4664		0	2
4666		0	1,3
4667		0	0,2,4
4668		0	2,4
4669		0	1,4
4670		0	2
4672		0	0,4
4674		0	0,2,4
4677		0	2,3
4678		0	0,2,4
4679		0	0,4
4681		0	0,2,4
4682		0	0,4
4686		0	0,2,4
4687		0	4
4688		0	1,4
4690		0	1,4
4693		0	3
4694		0	2,4
4698		0	2
4700		0	0,2,4
4701		0	1
4704		0	1,4
4705		0	0,4
4708		0	0,2,4
4710		0	1,4
4713		0	1,3
4716		0	1,3
4717		0	4
4719		0	4
4723		0	2,4
4724		0	0,2
4725		0	0,2
4726		0	0,4
4727		0	0,4
4728		0	4
4729		0	4
4730		0	4
4733		0	0,2,4
4735		0	1,3
4737		0	4
4739		0	2,4
4741		0	0,2,4
4744		0	2
4746		0	0,2,4
4747		0	0,2,4
4749		0	0,4
4750		0	0,2,4
4751		0	0,2,4
4754		0	1,4
4755		0	0,4
4758		0	1,4
4760		0	2,4
4761		0	0,2,4
4763		0	4
4764		0	1,4
4768		0	0,2
4770		0	0,2
4771		0	2
4774		0	
4775		0	0,4
4778		0	0,4
4779		0	2,4
4780		0	0,4
4781		0	1,4
4784		0	0,2,4
4785		0	0,2,4
4787		0	1,3,4
4788		0	4
4790		0	4
4791		0	0,2,4
4793		0	2
4794		0	4
4795		0	4
4796		0	0,4
4798		0	1,4
4799		0	1,4
4800		0	0,2,4
4801		0	1,2,3
4802		0	2
4805		0	0,4
4806		0	0,2
4807		0	0,2,4
4809		0	0,2,4
4811		0	4
4815		0	0,4
4816		0	0,2,4
4819		0	1,4
4820		0	1,4
4822		0	0,4
4823		0	0,2,4
4825		0	2
4828		0	4
4829		0	1,4
4830		0	0,2,4
4835		0	2,4
4836		0	0,2,4
4838		0	0,2,4
4839		0	2
4840		0	2
4841		0	2
4842		0	2,3
4844		0	4
4845		0	4
4846		0	4
4849		0	1,4
4850		0	0,2,4
4852		0	2
4853		0	2,3
4855		0	1,4
4857		0	2
4859		0	1,3
4860		0	1,4
4865		0	0,2,4
4866		0	2
4867		0	1
4868		0	2,4
4869		0	1,4
4870		0	0,2,4
4874		0	1,4
4877		0	4
4878		0	0,2,4
4880		0	0,2
4883		0	1
4885		0	1,4
4886		0	2
4887		0	4
4889		0	1
4892		0	1,3
4893		0	2
4895		0	0,2,4
4898		0	0,2,4
4899		0	0,1,4
4900		0	0,2,4
4901		0	0,2,4
4903		0	0,2,4
4905		0	1,4
4906		0	2
4908		0	4
4909		0	1
4910		0	1,3
4915		0	2
4917		0	1,4
4919		0	1,4
4920		0	0,2
4921		0	1,4
4922		0	1,4
4924		0	
4926		0	0,4
4927		0	0,2,4
4928		0	4
4929		0	4
4930		0	2
